sim_name: 4_400_001M_0100_EQU
result_file: results/experiment_3/4_400_001M_0100_EQU
num_repeats: 100
num_candidates: 4
alpha: 0.4
beta: 0.19999999999999998
candidate_vote:
- c1: 250000
- c2: 250000
- c3: 250000
- c4: 250000
expected_imaginary_votes:
  i1: 250000.0
  i2: 250000.0
  i3: 250000.0
  i4: 250000.0
probability:
  c1:
    i1: 0.4
    i2: 0.2
    i3: 0.2
    i4: 0.2
  c2:
    i1: 0.2
    i2: 0.4
    i3: 0.2
    i4: 0.2
  c3:
    i1: 0.2
    i2: 0.2
    i3: 0.4
    i4: 0.2
  c4:
    i1: 0.2
    i2: 0.2
    i3: 0.2
    i4: 0.4
inverted_probability:
  c1:
    i1: 4.0
    i2: -1.0
    i3: -1.0
    i4: -1.0
  c2:
    i1: -1.0
    i2: 4.0
    i3: -1.0
    i4: -1.0
  c3:
    i1: -1.0
    i2: -1.0
    i3: 4.0
    i4: -1.0
  c4:
    i1: -1.0
    i2: -1.0
    i3: -1.0
    i4: 4.0
json:
  candidates: '["c1", "c2", "c3", "c4"]'
  votes: '[250000, 250000, 250000, 250000]'
  imaginary_candidate: '["i1", "i2", "i3", "i4"]'
  expected_imaginary_vote: '[250000.0, 250000.0, 250000.0, 250000.0]'
  probability: '[[0.4, 0.19999999999999998, 0.19999999999999998, 0.19999999999999998], [0.19999999999999998, 0.4, 0.19999999999999998, 0.19999999999999998], [0.19999999999999998, 0.19999999999999998, 0.4, 0.19999999999999998], [0.19999999999999998, 0.19999999999999998, 0.19999999999999998, 0.4]]'
  inverted_probability: '[[3.9999999999999996, -1.0000000000000002, -0.9999999999999999, -0.9999999999999997], [-0.9999999999999999, 4.0, -0.9999999999999997, -0.9999999999999997], [-0.9999999999999998, -0.9999999999999998, 3.999999999999999, -0.9999999999999998], [-0.9999999999999998, -0.9999999999999998, -0.9999999999999998, 3.999999999999999]]'
percent_error_summary_statistics:
  c1:
    count: 100.0
    mean: 0.7662799999999999
    std: 0.6025333065105575
    min: 0.004
    25%: 0.3
    50%: 0.62
    75%: 1.112
    max: 2.91
  c2:
    count: 100.0
    mean: 0.7010000000000001
    std: 0.6095968861767288
    min: 0.024
    25%: 0.2905
    50%: 0.492
    75%: 0.967
    max: 2.814
  c3:
    count: 100.0
    mean: 0.76574
    std: 0.4833617676066637
    min: 0.016
    25%: 0.367
    50%: 0.685
    75%: 1.1145
    max: 1.87
  c4:
    count: 100.0
    mean: 0.7101800000000001
    std: 0.5445105369489969
    min: 0.044
    25%: 0.2905
    50%: 0.525
    75%: 1.09
    max: 2.678
  AllCandidate:
    count: 400.0
    mean: 0.7358
    std: 0.561020838251469
    min: 0.004
    25%: 0.307
    50%: 0.585
    75%: 1.088
    max: 2.91
