sim_name: 5_333_001M_0100_EQU
result_file: results/experiment_3/5_333_001M_0100_EQU
num_repeats: 100
num_candidates: 5
alpha: 0.333
beta: 0.16675
candidate_vote:
- c1: 200000
- c2: 200000
- c3: 200000
- c4: 200000
- c5: 200000
expected_imaginary_votes:
  i1: 200000.0
  i2: 200000.0
  i3: 200000.0
  i4: 200000.0
  i5: 200000.0
probability:
  c1:
    i1: 0.333
    i2: 0.16675
    i3: 0.16675
    i4: 0.16675
    i5: 0.16675
  c2:
    i1: 0.16675
    i2: 0.333
    i3: 0.16675
    i4: 0.16675
    i5: 0.16675
  c3:
    i1: 0.16675
    i2: 0.16675
    i3: 0.333
    i4: 0.16675
    i5: 0.16675
  c4:
    i1: 0.16675
    i2: 0.16675
    i3: 0.16675
    i4: 0.333
    i5: 0.16675
  c5:
    i1: 0.16675
    i2: 0.16675
    i3: 0.16675
    i4: 0.16675
    i5: 0.333
inverted_probability:
  c1:
    i1: 5.01203
    i2: -1.00301
    i3: -1.00301
    i4: -1.00301
    i5: -1.00301
  c2:
    i1: -1.00301
    i2: 5.01203
    i3: -1.00301
    i4: -1.00301
    i5: -1.00301
  c3:
    i1: -1.00301
    i2: -1.00301
    i3: 5.01203
    i4: -1.00301
    i5: -1.00301
  c4:
    i1: -1.00301
    i2: -1.00301
    i3: -1.00301
    i4: 5.01203
    i5: -1.00301
  c5:
    i1: -1.00301
    i2: -1.00301
    i3: -1.00301
    i4: -1.00301
    i5: 5.01203
json:
  candidates: '["c1", "c2", "c3", "c4", "c5"]'
  votes: '[200000, 200000, 200000, 200000, 200000]'
  imaginary_candidate: '["i1", "i2", "i3", "i4", "i5"]'
  expected_imaginary_vote: '[200000.0, 200000.0, 200000.0, 200000.0, 200000.0]'
  probability: '[[0.333, 0.16675, 0.16675, 0.16675, 0.16675], [0.16675, 0.333, 0.16675, 0.16675, 0.16675], [0.16675, 0.16675, 0.333, 0.16675, 0.16675], [0.16675, 0.16675, 0.16675, 0.333, 0.16675], [0.16675, 0.16675, 0.16675, 0.16675, 0.333]]'
  inverted_probability: '[[5.012030075187969, -1.0030075187969927, -1.0030075187969922, -1.0030075187969927, -1.0030075187969922], [-1.0030075187969922, 5.012030075187971, -1.0030075187969922, -1.0030075187969925, -1.0030075187969925], [-1.0030075187969925, -1.0030075187969927, 5.012030075187969, -1.0030075187969925, -1.0030075187969925], [-1.0030075187969925, -1.0030075187969925, -1.0030075187969925, 5.01203007518797, -1.0030075187969927], [-1.0030075187969925, -1.0030075187969925, -1.0030075187969925, -1.0030075187969925, 5.01203007518797]]'
percent_error_summary_statistics:
  c1:
    count: 100.0
    mean: 0.93501
    std: 0.7265141797889036
    min: 0.006
    25%: 0.36324999999999996
    50%: 0.7655000000000001
    75%: 1.36025
    max: 3.0435
  c2:
    count: 100.0
    mean: 0.9128499999999999
    std: 0.7192219719596274
    min: 0.045
    25%: 0.2795
    50%: 0.7775000000000001
    75%: 1.35575
    max: 3.916
  c3:
    count: 100.0
    mean: 0.851455
    std: 0.72964771524249
    min: 0.009
    25%: 0.320375
    50%: 0.737
    75%: 1.1415
    max: 3.7055
  c4:
    count: 100.0
    mean: 0.9207299999999999
    std: 0.6986621646425619
    min: 0.009
    25%: 0.39025
    50%: 0.764
    75%: 1.46075
    max: 3.3325
  c5:
    count: 100.0
    mean: 1.02533
    std: 0.7799859951475171
    min: 0.003
    25%: 0.3955
    50%: 0.9097500000000001
    75%: 1.4885
    max: 3.3925
  AllCandidate:
    count: 500.0
    mean: 0.9290750000000001
    std: 0.7305135734790108
    min: 0.003
    25%: 0.35724999999999996
    50%: 0.758
    75%: 1.34825
    max: 3.916
